 n/2 pairs
----------------------------------------------------------------------------------
	PID		Index		Size		Result		Time
	21894		2		2		325		20:54:41
	21893		0		2		323		20:54:43
	21896		6		2		361		20:54:45
	21897		8		2		468		20:54:47
	21895		4		2		293		20:54:49
	21898		10		2		213		20:54:51
	21900		14		2		97		20:54:53
	21901		16		2		417		20:54:55
	21902		18		2		325		20:54:57
	21905		24		2		197		20:54:59
	21906		26		2		361		20:55:01
	21909		32		2		235		20:55:03
	21908		30		2		134		20:55:05
	21904		22		2		219		20:55:07
	21912		38		2		171		20:55:09
	21910		34		2		238		20:55:11
	21911		36		2		122		20:55:13
	21907		28		2		395		20:55:15
	21899		12		2		344		20:55:17
	21903		20		2		155		20:55:19
	21930		40		2		449		20:55:21
	21932		42		2		395		20:55:23
	21936		44		2		57		20:55:25
	21938		46		2		461		20:55:27
	21941		48		2		346		20:55:29
	21944		50		2		190		20:55:31
	21946		52		2		233		20:55:33
	21953		54		2		198		20:55:35
	21955		56		2		177		20:55:37
	21959		58		2		281		20:55:39
	21962		60		2		60		20:55:41
	21964		62		2		267		20:55:43
	22060		0		4		648		20:55:48
	22062		8		4		681		20:55:50
	22061		4		4		654		20:55:52
	22066		24		4		558		20:55:54
	22065		20		4		374		20:55:56
	22064		16		4		742		20:55:58
	22070		40		4		844		20:56:00
	22069		36		4		293		20:56:02
	22068		32		4		473		20:56:04
	22073		52		4		431		20:56:06
	22075		60		4		327		20:56:08
	22072		48		4		536		20:56:10
	22074		56		4		458		20:56:12
	22067		28		4		529		20:56:14
	22071		44		4		518		20:56:16
	22063		12		4		441		20:56:18
	22122		0		8		1302		20:56:23
	22123		8		8		1122		20:56:25
	22124		16		8		1116		20:56:27
	22128		48		8		967		20:56:29
	22127		40		8		1362		20:56:31
	22126		32		8		766		20:56:33
	22129		56		8		785		20:56:35
	22125		24		8		1087		20:56:37
	22165		0		16		2424		20:56:42
	22167		32		16		2128		20:56:44
	22166		16		16		2203		20:56:46
	22168		48		16		1752		20:56:48
	22185		32		32		3880		20:56:53
	22184		0		32		4627		20:56:55
	22196		0		64		8507		20:57:00

Total Time for n/2 Calculations: 144 seconds 0 milliseconds


 n/logn groups
----------------------------------------------------------------------------------
	PID		Index		Size		Result		Time
	22204		6		6		1042		20:57:05
	22205		12		6		858		20:57:07
	22203		0		6		941		20:57:09
	22208		30		6		607		20:57:11
	22206		18		6		699		20:57:13
	22211		48		6		769		20:57:15
	22207		24		6		953		20:57:17
	22210		42		6		913		20:57:19
	22213		60		4		327		20:57:21
	22212		54		6		656		20:57:23
	22209		36		6		742		20:57:25
	22261		24		12		1560		20:57:30
	22260		12		12		1557		20:57:32
	22259		0		12		1983		20:57:34
	22263		48		12		1425		20:57:36
	22262		36		12		1655		20:57:38
	22264		60		4		327		20:57:40
	22297		24		24		3215		20:57:45
	22296		0		24		3540		20:57:47
	22298		48		16		1752		20:57:49
	22306		0		48		6755		20:57:54
	22307		48		16		1752		20:57:56
	22316		0		64		8507		20:58:01

Total Time for n/2 Calculations: 61 seconds 20 milliseconds
